[[1, 0.17609125905568124]]
[[1, 0.17609125905568124]]
[[1, 0.22910001000567795]]
[[1, 0.17609125905568124]]
[[1, 0.17609125905568124]]
[[1, 0.17609125905568124]]
[[1, 0.22910001000567795]]
[[1, 0.17609125905568124]]
[[1, 0.17609125905568124]]
[[1, 0.17609125905568124]]
[[1, 0.17609125905568124]]
[[1, 0.17609125905568124]]
[[1, 0.17609125905568124]]
[[1, 0.17609125905568124]]
[[1, 0.17609125905568124]]
[[1, 0.17609125905568124]]
[[20, 0.17609125905568124]]
[[20, 0.22910001000567795]]
[[20, 0.17609125905568124]]
[[20, 0.17609125905568124]]
[[20, 0.17609125905568124]]
[[20, 0.17609125905568124]]
[[20, 0.17609125905568124]]
[[20, 0.17609125905568124]]
[[20, 0.17609125905568124]]
[[20, 0.17609125905568124]]
[[20, 0.17609125905568124]]
[[20, 0.17609125905568124]]
[[20, 0.17609125905568124]]
[[20, 0.17609125905568124]]
[[20, 0.17609125905568124]]
[[20, 0.17609125905568124]]
[[20, 0.17609125905568124]]
[[20, 0.17609125905568124]]
[[20, 0.17609125905568124]]
[[20, 0.17609125905568124]]
[[20, 0.17609125905568124]]
[[20, 0.17609125905568124]]
[[20, 0.17609125905568124]]
[[20, 0.17609125905568124]]
[[20, 0], [b'\x81', 0]]
[[21, 0.17609125905568124]]
[[21, 0.17609125905568124]]
[[21, 0.17609125905568124]]
[[21, 0.17609125905568124]]
[[21, 0.17609125905568124]]
[[21, 0.17609125905568124]]
[[21, 0.17609125905568124]]
[[21, 0.17609125905568124]]
[[21, 0.17609125905568124]]
[[21, 0.17609125905568124]]
[[21, 0.17609125905568124]]
[[21, 0.17609125905568124]]
[[21, 0.17609125905568124]]
[[21, 0.17609125905568124]]
[[21, 0.17609125905568124]]
[[21, 0.17609125905568124]]
[[21, 0.17609125905568124]]